Ncalk               delta                      PI
1           0.27323954473516271         4.0000000000000000 
10          1.8591650966328345E-002     3.2000000476837158
100         6.8731915342486391E-003     3.1199998855590820
1000        2.0395223137009994E-003     3.1480000019073486
10000       1.0570200914074592E-002     3.1747999191284180
100000      2.8242553942650806E-003     3.1327199935913086
1000000     3.1429242034655631E-004     3.1425800323486328
10000000    3.4130961306349562E-004     3.1426649093627930
100000000   7.0300346071546711E-006     3.1415705680847168
1000000000  5.7398877639300410E-006     3.1415746212005615

